<?xml version="1.0"?>
<opencv_storage>
<calibration_Time>"Tue Feb 24 21:02:37 2026"</calibration_Time>
<image_Width>3840</image_Width>
<image_Height>3840</image_Height>
<Camera_Matrix type_id="opencv-matrix">
  <rows>3</rows>
  <cols>3</cols>
  <dt>d</dt>
  <data>
    1.01448711063801795e+03 0. 1.91858543386035058e+03 0.
    1.01535059480132691e+03 1.91669767627505007e+03 0. 0. 1.</data></Camera_Matrix>
<Distortion_Coefficients type_id="opencv-matrix">
  <rows>5</rows>
  <cols>1</cols>
  <dt>d</dt>
  <data>
    -1.80286735313909541e-01 2.82306508221097270e-02 2.70742546164720936e-05 3.94098925772675486e-04
    -1.84432079247839214e-03</data></Distortion_Coefficients>
</opencv_storage>
