<?xml version="1.0"?>
<opencv_storage>
<calibration_Time>"Tue Feb 24 09:21:09 2026"</calibration_Time>
<image_Width>3840</image_Width>
<image_Height>3840</image_Height>
<Camera_Matrix type_id="opencv-matrix">
  <rows>3</rows>
  <cols>3</cols>
  <dt>d</dt>
  <data>
    1.01496091782922781e+03 0. 1.91803652498123461e+03 0.
    1.01496288366211559e+03 1.91602921997125054e+03 0. 0. 1.</data></Camera_Matrix>
<Distortion_Coefficients type_id="opencv-matrix">
  <rows>5</rows>
  <cols>1</cols>
  <dt>d</dt>
  <data>
    -1.81222102808672458e-01 2.86525585979819329e-02 2.85827170229228730e-05 4.60835734698540980e-04
    -1.89143153503983606e-03</data></Distortion_Coefficients>
</opencv_storage>
