<?xml version="1.0"?>
<opencv_storage>
<calibration_Time>"Tue Feb 24 21:02:47 2026"</calibration_Time>
<image_Width>3840</image_Width>
<image_Height>3840</image_Height>
<Camera_Matrix type_id="opencv-matrix">
  <rows>3</rows>
  <cols>3</cols>
  <dt>d</dt>
  <data>
    1.01159882559619291e+03 0. 1.91212899722219504e+03 0.
    1.01269689496256933e+03 1.91638335387250299e+03 0. 0. 1.</data></Camera_Matrix>
<Distortion_Coefficients type_id="opencv-matrix">
  <rows>5</rows>
  <cols>1</cols>
  <dt>d</dt>
  <data>
    -1.80014758732211955e-01 2.80616847939144480e-02 -7.60941840453666953e-05 1.03660790810408335e-04
    -1.82317156901348710e-03</data></Distortion_Coefficients>
</opencv_storage>
